55
35134 666016
61399 124641
53278 416435
10961 52929
40804 288166
98891 648987
13563 840725
8636 953908
93406 527215
29032 833555
53819 461351
99632 440210
55618 759149
25282 182321
7681 582362
71181 590647
18750 435312
47825 889389
82934 730539
60271 136158
12092 187658
80019 886362
76423 184181
87344 852273
65400 466182
53016 850887
22567 623441
77298 589366
59464 877136
8998 256723
79888 559095
4836 325733
12759 799799
65542 435572
1200 892579
4062 899766
74729 325320
33821 133535
62489 947541
10735 398777
32417 128989
36861 427532
11277 970078
22923 879012
1371 670445
27638 524465
12098 971392
74773 417894
74887 565634
5180 31572
50758 495475
79130 506063
88198 939502
66392 540801
23870 505659
