3932587414 -2560442108
4273879133 169091133
1901617767 2307945169
-1465371791 762239763
1775591424 56512497
-633901469 2340624779
4235195475 -3553147451
4107030204 1336795830
-3302337317 -3341920635
2095526422 896642889
2683603982 1922800145
3696921663 4131951974
3551972684 2313392172
3172633162 4290245095
-2335186692 -3789479745
1538005803 2260557940
4249554066 -3957938220
3146015262 3987962362
-1209342262 2025341663
2820102643 1499024830
1664631467 -3343726334
2869567849 -3179588123
-2363308539 -820840625
1661966984 2916083710
2407769386 -1028986365
-3006831003 -914261760
-2559363119 3925619897
-3402933196 257128951
3991771089 -2346930582
-1966877127 -1044537006
-3030985800 1804803497
2072989468 3333488180
3471266862 -1797741530
528940206 1105561479
2405031966 1604909895
3975604899 3199081886
1188262756 4271280901
3210660914 -904511362
1071346332 2474456824
-1074213951 -3415419743
2684163339 2185368380
-3738033151 1169649126
720954630 2128430169
1892522146 1066752149
3455881512 2446955626
-2711442893 -1144279819
-1682986204 2547853188
1549319163 -1976216974
-54109297 142507116
1086127804 3737191931
2573296214 4285698227
-2350440864 -2359065733
-896922194 -2828953666
-1151016802 -2288608562
3322581241 -77488783
2835560191 4101721373
-4273205389 -398857517
-1708171830 2648889043
-3686830358 -3236100719
2610517087 1180510377
3741260962 1467623030
2045609339 1552456561
2589784976 614181126
516108637 -3093487105
1653737339 -963669735
-4047002458 3415583747
-2407905042 -3996402674
-1281877417 1689407634
-3768626588 -2278968841
4187721284 1749602718
1954631054 801829849
1747494286 -1358444111
1807373203 -2274186473
3352194500 3323170011
474054701 2998152832
2931108890 1219291108
-1432705180 2450925984
-326577811 1491355824
2813708470 3166078502
-1215899362 -2833139355
1790098229 -1195732025
-81779846 -730979161
-1393053825 2241990254
-1391626657 2824175469
979896384 -3193125089
-237485415 -4207856977
-1782072332 3872362558
-2296759041 -511991391
118870804 -2623108392
-4044545394 2590608725
3998601938 -104623817
30168763 1839476060
3165581025 254408333
-828333739 1647501473
-216464354 1672268786
2293099949 -1520724488
-579624887 3454834548
3599654307 3752247906
-3273450741 1569755429
2006889852 4176507161
-2679384091 2440044266
-2413319939 -2317410592
-2191159089 2597635747
1785215403 -100666929
3478942151 4235734372
2503724468 1946538605
3124262826 -410473622
-113124510 -2182543202
2362787815 -231756765
-3393981414 1217662226
-1520441208 1331394023
4219903385 1133385447
3955849262 3388903422
1794601013 -2284774457
-263565038 -623685316
1506544822 770173597
-4038988105 3038788869
-2613818942 1145439504
-3356941977 775638250
-1436925824 -1535926270
-1489060492 56365110
-1170203180 -2178756524
-1851642775 -3941836879
-1927536714 1732161815
-2929257765 2980249098
-2702243615 3197795403
-3541057215 -3436815375
101590574 3110776859
-349790722 1762211189
654473599 3346136903
-2742079720 -1290627437
1495692052 -90228338
56663548 4217432778
-914783273 -935643866
-434181916 -3427564522
1720010533 2057122612
-2414176330 -983320763
-3016845136 669455088
-2186776736 2617528070
-1712520271 1402133325
3250429980 3822483060
1714248015 -3729767757
779169840 3653292966
-3779250082 -3031342272
-1732016759 889280680
-4229887940 297996390
-2513296735 -2273961537
-4282860948 -3650496086
3920873802 2835959351
-1251449042 1794027798
-1106442271 -3309949452
-904212468 3572166847
3208162448 -4103239931
-1534166644 1887698310
3006868075 -1511531215
-3884885730 3809356790
-3433136063 3820629863
4209255614 -3050599144
-1043105267 1849248884
3753381458 -3663047749
500638706 -1056964994
1367631852 -2217144376
-762195922 1486383404
768718413 783031485
-4056887943 -90275581
995273016 -1126875517
3143992052 2466104690
-2984039302 -3734542631
4068554183 -4168769972
3943992314 3391946706
2727791849 1687751455
-3301239692 -1233151498
-3962120775 1986311385
1540698765 765414334
-1022007764 -3499197270
-3279871682 1901987716
-3776556026 3814847114
-1039654246 981314688
-3844275451 2294748068
-671215230 -3519370577
-3734528931 28672860
3075635752 56114079
4284124667 -21301789
-2229136912 553122578
-1985399420 -599688402
711914103 -3505750413
735444690 -2485667843
-2764226268 -1061566519
3714948448 -919125296
-470933508 -2425520922
-115846044 328619159
2789474506 -1126951096
1204090558 779638280
-702247833 -3806472198
-3293304396 -4217186450
440674247 1122956536
2798588489 2827712031
-2079604123 -2608825382
2016204276 1850855099
3125389835 3095096204
