396158086 22055688
-879971130 -2645683194
1237788358 1203433018
-954576970 -2636087911
3838704047 -3535049822
-3338679155 1954242566
1499283017 3435087876
-2811160107 2272547052
3333726834 -1994734169
-2757803426 3502900899
-2650908931 -2297675193
4073756782 -2784313680
-3494175527 2624597525
2665724060 4109237655
-3786281846 2014017124
-590593721 -1919820502
903145755 -1502860810
-1199839807 -2206630530
2357485466 3588950321
1777357845 3400362394
2646849808 34565636
-1617417408 -3518056017
3696556784 -1186838311
-659934957 2099731684
1698361384 36639839
-3774054882 3748692486
3176787015 -4120472904
894042817 3943178054
1959825867 1330697682
-3725835110 1979684341
-1795638323 -418094878
3071693139 -120281622
155462519 -627190709
3610414084 3064706198
3298837868 2407839382
533254263 -2181608064
1679535670 -2662929117
594446444 -931848555
704939650 -2123428297
-3237740605 -3601258394
-1641173266 1453442768
4112838289 -241085873
-3739024000 -2751840777
-1761425041 1571707752
2625793234 -1930692951
-3258933781 -4244940198
-1844406252 562055078
2455319369 3669028276
-636258175 -1745208391
-1879938390 -3431325260
862589063 -2428060225
724695353 -228149982
115104517 2757043689
-3009436279 -1795512122
-1916743090 1490523709
4212494458 1511795398
-318203956 2012309906
-2388549953 -3865435708
2625139374 4017073348
232178137 1186398924
3642460833 1905263580
2393078716 -1442242255
-3181571786 -2982234211
3139544087 -1998114301
-1076066872 1737897825
-400936790 -1624498138
3594548776 -910568693
1074510345 3876892551
2488932567 -247972513
-3862657009 3879026823
-103437770 1708875886
1304064132 1918664573
-4109891233 2502025596
2330053685 -2529841626
-551467822 -56686322
1926258239 -3890647228
1192014488 -3077261906
-2301184232 1961055574
-1748887858 1583803319
1377587319 2789040858
-2326224819 -1242926953
-3639365831 774661912
4280522423 1137333368
-4194755089 -206692438
4109941658 793263256
-558696451 1713386983
-932042765 -3985614531
-1792521279 2794103744
3529241470 -4172168484
-1958811976 1378163699
-1355324554 3290362712
-2244007908 1889678032
-3292652364 1905735129
1417039042 1242630095
2700363700 -2844432506
-1418767521 -3756602658
-2233083502 -3695914955
-2443272739 -774726704
3462841889 4273680315
4007835035 3896172290
3521789733 -1313136711
3169216716 -2417833494
2072356119 383411874
984506212 -3519370034
3717185561 944350638
2509373832 -2890840954
2817790983 1435782644
-3716749052 -2156682275
2680168156 1684219977
-3984184713 -295638585
2273638120 3286824495
-404534548 767659457
3339889181 3310413531
-14108928 -3636158454
3923563597 -3224081417
1528260458 2413816598
860079315 1734242046
2428444491 -2379944782
-174012084 3282139719
3987218549 -1223230919
-781821879 1069428387
-856820363 -2044410679
2895086542 -3673253840
-3628696860 30096704
1264249390 -2351920557
-237712956 1246237706
-2289871306 1419956564
328858503 3984418945
3020461430 -1646509294
-2462527424 -1259583474
-3813412027 -3211605191
3831537587 -249123721
-3932764266 4168282351
2093843320 -3164219023
2029946779 3972649029
-1296483386 2172049513
1217232514 -885532855
-1093672935 -3036970484
1508516189 2639571251
-2382677188 -3597598864
2515596759 1204800475
1814762713 -1761549637
-1100879159 -788449895
1359114807 1402180904
1188383482 -1702218602
-4209507885 2998168416
3175557839 -3079693355
3922439204 -1254138674
4241023902 4149018856
3877838529 -2882277390
2929470824 -3114438818
2146359364 1886469753
-2911320468 3263971174
-2268581235 -539585033
-1483666796 3026866311
1730283778 -3495091896
1706602164 557271860
-3394226975 4148663485
-2667382176 3091615934
42400696 4204120519
3655230969 -2696353376
1981470716 2387587115
2612752605 -1606442523
835638407 3097991899
-1458133520 25425812
2849100974 1014672634
-101410062 1432919513
-2378058668 -3227097971
-4133367499 990895000
-2930390691 3193422568
-3531950855 -1439415647
-1691647866 -1056997877
3153796110 -3436584817
548843103 1385188971
2047210220 1696171736
-2660431704 212156921
3351256872 1405668094
1329994135 7419170
-3894058925 51256968
442116269 3077293984
2527154133 -4026529729
3733555173 3904607185
2928771327 -72614757
-1668685559 679528618
-3219360194 3505764572
862250316 -1799591620
2725442661 -2962895998
-4002774450 -610092678
-764180214 1777674739
-1901125186 1971614249
-3843755533 -2191886688
4287215935 1674432784
-3101978098 -1224447480
-253012755 3030351172
3901974482 -2200234547
2826488382 -3780471684
1512237911 3830127702
1031252138 71663279
-3540843563 -267981176
1978491121 1985563882
