-1583955822 3751496757
1811639725 -1940562945
-542283948 -1032689132
-4082583008 3352763462
4175847524 565161095
3944820226 1893815063
1070251027 -2420019475
-322555504 -1240584336
219070167 -244278761
-455382176 -2245842388
-120921995 -1192551084
-1607515932 1905931085
-2203221641 -3826047875
116993956 3663095870
1117949508 949533603
-1347217484 -1181066971
-3130188548 -43289624
410193332 3644706788
-3074234586 2141180931
3949130777 -161661746
-3677710426 593869116
3249812904 -2769797608
273335905 3133720416
-336534830 -1156924636
370850256 515134454
-1917803498 -1459273890
-244356791 -605151305
1032879429 538988909
811944635 2310054241
3105630926 -2378902270
-3177240549 -1861372004
3279157407 -529653740
1258570525 -2375298135
633283146 -1856621262
1645670841 -3466422066
-2933387464 -856411433
2408202848 -2726000620
1867587240 486506810
-1158260024 3716859423
-2996987146 2710608134
-92742237 2671333518
-1855309420 3945288796
3955701030 -1014866766
-586699948 -1013176859
-3870534285 858193551
836583378 3017256597
-4149965852 711389974
585784273 -729384334
-1985543532 -174295534
-1948379631 -120787397
4233418803 2558210018
409206506 -2804279100
-1149020415 864246557
1853578546 -79603876
3649570607 -1152095873
-2284516620 -160119352
-2020306104 -3989626743
-1271025803 2850500403
4059130304 -1366506572
3648606248 2588929479
-1462785672 366952307
-423380408 -654995455
3125932019 1176970954
-3201493681 -2284921947
-1766046036 -76806381
-1652994087 -1046006858
3270111842 1766500691
-1662750899 1813584807
3403920631 4067135686
1430148446 -3118137415
-1520555403 2105779017
-2842907356 879991633
1379290276 3215463313
1305969500 1336296638
2244210660 543765758
2456825411 4264016365
-420434697 -3180206303
2627847728 -3620180583
2564275354 453459712
4052289154 -1956209374
-3719899069 -1870409272
-2159097344 -664729768
-3267621482 119468624
1324699199 -905709344
-2105151469 792784932
-1594999607 3954868485
-787187234 -1839537100
-892677200 812725530
3911150116 -2750751484
-3182240703 -2162406678
571946507 3938155654
694169512 856921492
-2032772470 -3651878561
2678388910 -3046945836
755367580 -4009973431
2951152033 845404184
336937098 -3962705079
-428197974 -3952838031
2560692896 3790691022
-1514622641 673272375
601767723 2274037363
-519901808 2383890402
2100436017 -328881622
-2862080647 -2443012199
3972462046 -2264613589
-261801448 -1102659240
-2680591013 -2405302940
3902643308 3170543449
-2139105602 -186940285
-4245350680 3640730744
-3140442603 821839069
-2519135546 4212329767
-4226523722 -1693064576
-2367462177 1781740784
3590594573 3749913942
1367074433 -3926948568
3001557898 943235204
544606202 -726147762
-1689443504 3947810493
2473714956 -3379955122
664992295 751920789
-2652481711 -3028653061
-3648204797 -1620731173
-493468606 -1915268289
3663164650 -1205314684
-3979783612 855272702
352542326 3810656712
-632659077 -815699683
-3071683247 -2886700446
3981344285 1901372848
-1141915993 -3801036287
1454242014 2642797270
3544764515 1793443438
-2945403199 -4209555022
2336103441 -2200069378
-1022129661 549033847
-4081000616 -3699864845
4223638461 188782183
117505385 -2947075497
3965095616 -824940180
81364233 3845615295
-1977025555 1986548269
2695113087 418655587
588975952 3016347891
132566947 -3932631623
-2122331880 -309656260
-3416339681 -1964930574
-2123962684 -1971940828
-133837127 -780392123
-1031223430 -1731438055
-3745489114 677311915
1581499122 2087712798
-3732603728 3602490846
-1930286388 -1165683179
-3509759561 -3939218801
-2862063218 -888651476
2895868217 -592770983
-1463881290 -1522796205
1001029233 484558311
-2901511563 3120397153
-1952977936 -3421343654
1880699765 -2263230942
3723865833 3639766437
-2085444177 -207478345
-1491294412 1606337446
-719658089 -3972471124
3869096847 -2450139341
-3188926661 -1177825954
212809596 -494335514
-1106527104 -1126782981
526006909 2652719674
-3761168103 -1571509957
3507781615 3770379355
2284525569 -669535746
-3889643215 -2655593591
-2858583375 -3691833888
900218153 1434682706
3432612023 -3750093969
-749519043 183590376
1178356039 -13601584
1422787610 188453750
984229406 -995486668
-2386845009 2212294247
3227374219 -1252688398
983036242 -295385313
135324342 -3898039102
-2464602969 342811057
-688114811 -4049430646
1329203387 2192977263
680495993 803171488
-2340488688 773830105
-1171013825 4158758137
1009370979 1027931845
1047206363 3289566567
1540048214 -2232914069
3576049366 -3559091792
1562866018 -474733320
-1395155769 -1197395052
414281535 2185485803
933129448 -492266793
