-3986045488 -608421978
1336088062 -4049821758
-689451355 -2380453142
3855622069 -3994111267
-3548882128 -3262029781
-1458181404 670384684
3928712763 -617113427
2077385076 1398889404
1610828901 3072087934
-1913402837 -2759920340
-4049335017 1848993714
-320842683 -2288623040
-1988803566 2732707419
253291434 3526081337
-111448978 1580845282
418109846 -3014543352
29480970 -2615590019
1690124852 231468450
-3971866792 -1733459249
-527708555 2033018880
-795039205 -1217575152
-2756953177 -1767800891
1876163857 -3096054930
722144869 919190651
-368495192 122655638
-614845963 -1799795913
-708679681 3198221653
-258005260 751875545
4167599190 -434080693
1859087002 3827534478
164597120 -3700630057
-1522256500 -2724088375
4180368978 -201919459
4061555316 -4291279701
2215623488 -1392756552
-3273080433 -3371854654
-1489157555 428368101
-3507512333 -2567338209
4126219146 -2830059318
-3532986181 1495309181
-3060384715 -3598473976
2455287282 -199175308
1211774735 3440310970
1075712432 -2469689986
4035288697 -3976505749
348237468 155303934
-1265630983 -2558907983
-1188128818 -2930504593
-1376070209 2814631969
468144319 1869638390
2054570854 1327686723
-3776326729 -3313893861
4269515966 -1221718801
-332775083 -1213261256
-2789256641 -950206321
3073447940 2204033185
3045452361 -19073322
-3690991619 -3945457487
1241176996 3311231618
816937817 -1009691707
2553744231 4003392791
3525443399 687502154
109086062 -1484646221
2013554021 -1114593639
3562543004 2943922482
-2494232798 1777913884
-3034180977 2111908708
-232418273 817650758
-1083416609 354183085
476560232 266426905
475428384 -1113954036
-1339486999 884413769
-2087500387 -1438154591
3626234907 3641389106
4263630114 691350101
-1819605466 -3350970034
-1237401082 -1193004656
1567869766 601319966
2529232053 582682697
1659153675 -491479113
-518782341 -2320417435
2449657878 -2012298430
-3110733639 -385474938
2909458315 -3224619686
-2780740567 -554645042
-2455177510 480283231
2146178559 -1770757050
-2278878679 -4285152057
3050892137 -1091110624
3298243653 3056594640
331080514 1233964254
-2768368460 989414531
1740382512 1825662399
-2226201004 713163724
-199180471 -363871630
-3739891534 317679937
2580786004 -1326588180
-1113228346 -3738337158
-1895457810 -1959055212
3968815434 1293329609
-2479397667 -2045369934
2265271804 1002796131
-3282500731 1768270048
-1681322009 2848240209
-2004599283 3305637655
3121669861 -1825806170
-3485467038 4267886204
4220794960 -1922202166
-1477125281 2014936199
2016375112 1501676953
-2989694000 3469514375
355341245 -1264749814
-962131790 2222663484
-2474773340 -247763806
1597134223 2438240604
-1771219934 -481735188
-2181258270 -3753264492
129735701 3803027460
2622644928 -3167363571
2113349868 2405856197
-2055255901 -2002942037
871572519 -3139704659
-1772105750 2004112681
-2015422774 -3446155983
-4199178779 2764858370
2105812306 2133624531
-1245238776 3670417097
-494498169 1539844254
-583545334 1497185198
-1737838665 1910590613
-3038411003 3650007509
-2765741717 1243280781
-2384846630 4100784001
-603851934 -3772806681
286733740 2204783715
-1626648839 2423274983
-1575069136 -306383348
720258407 205717426
3126963509 3853242472
-2007420997 1723198207
700394184 3945555395
-1149080060 3035831368
-1534440599 -2636422033
3143208732 -434474081
-2424268497 -955496203
2019142299 1322572321
2417709155 3892669834
317376310 -2121240120
-3993836551 1134901337
-260287029 -2941952647
-2762266273 3695998117
3042150149 1011940851
-2985495383 -4278370683
3922718148 361997795
316143094 -4045506478
-4096974512 -298164328
-299649632 3677955072
800119665 2930351541
509132247 963792248
1055025273 3130788551
3120725108 4112900762
-695449759 3878072637
-1378767762 -3292188263
1029564916 -570457788
2072614070 4042602557
1583673118 3028667367
2140582029 -3507680492
1952648081 1692540077
-2550267242 1491940297
2133824525 2420821898
4057437145 -228561058
1967509968 -3716917684
2963518188 -3112498051
1644037350 3780578462
-1915730596 4129542888
167643826 15352874
773679443 3132942302
-2305602729 1150940060
471869679 -2430189290
-1048236661 -918562520
1312854277 -4046913099
222655437 111662329
-551149050 -1642576833
1946005292 2280283936
-2916008666 -3606402031
3544908551 -3513348889
1652476763 -808981523
2683281380 -1504943841
-3628918262 -2506481192
-1534581153 2321804563
-622588406 1773372193
1833296957 -1239236562
1938412546 3792289984
-2823825556 -374506917
3432603250 2758177931
-2012206899 -4205690136
2319933101 3600866202
-2913452915 -2063934347
-1440910747 2315310719
3297487643 3491721820
