61
45861 815519
72903 225089
35943 632922
6667 683213
8536 435380
7659 941432
51402 298400
62107 946844
54640 931872
37313 471306
80935 789722
92101 881497
7352 737562
32938 481082
25264 770242
9883 603292
1749 513884
80096 628333
205 379892
46085 586104
93562 120956
1280 558269
84090 879526
23063 444298
47917 943354
63600 298740
36588 507360
46391 413795
82488 904882
63972 545260
85231 90448
68630 226981
51517 650365
19548 475208
25243 84995
50215 805687
4006 619007
58646 137088
9757 710410
16579 547442
31837 536026
76278 855129
30757 154538
7241 714197
86628 250434
10751 346471
34821 974918
53716 289726
17861 804141
22689 555145
23526 866741
56784 378612
19274 741007
15626 366027
86891 983056
71333 893997
2137 512503
82029 798397
60034 496654
41016 685299
50235 652058
