81
27689 175204
10356 38079
41264 835475
99956 196529
47787 533699
75132 967848
50380 731176
66643 850109
29450 652870
2377 361786
2630 750502
90669 372617
75102 714828
72120 109199
76364 122359
51068 263064
85614 228254
73738 558077
95753 923866
31509 380381
78048 110367
31419 346216
57643 641934
61922 789168
92337 119762
96220 340090
68543 972199
50865 822630
63301 450314
69380 338780
83916 162982
38594 602560
71625 705462
91286 810958
75780 990245
673 535082
19189 784832
77132 424664
19907 36709
53679 793796
3353 316056
7211 157536
31665 170136
5295 919596
70814 408583
29507 200973
89999 183218
24261 159419
70186 142526
18756 833966
28095 243382
94671 458555
41274 307642
13870 720160
5735 137236
73424 269713
12324 617193
75859 448026
23341 964275
28707 495792
50705 264837
48885 174903
16067 506733
92081 262253
78446 990471
21974 533360
25142 882938
43578 573314
78202 752452
22473 120046
14749 669143
93023 549095
61162 857247
60813 687745
39790 508638
78657 113008
37486 312975
26075 900830
90441 404479
29560 611495
28992 650406
