59
92217 658001
75757 163623
86107 733354
73067 240273
82208 159199
16198 889936
45388 749835
13901 647610
4310 133019
6657 157155
4215 199689
68987 269429
78959 279245
44783 259035
12148 585304
73877 163456
38561 807331
65886 154393
6960 813590
39561 114140
65131 90019
25704 978299
95533 312745
84040 152501
63107 355670
8558 537627
73682 495779
92125 702405
26506 270637
56689 538124
52775 780862
43019 542139
75077 626278
16003 738145
37611 323486
66081 592332
95951 143614
3014 263222
26265 404680
86204 792946
67505 265424
46447 705957
62060 733141
88704 870616
70357 983749
27220 700848
70836 931251
9345 173263
63773 130086
22827 900334
70664 984492
93878 395191
80692 654114
52977 502175
83945 357478
86082 318391
23697 34608
87513 819270
71100 961701
