68
33486 761661
50184 473188
59391 489720
2092 914845
76467 164787
44676 847941
344 112425
59994 195337
16749 395282
20195 445783
63510 653597
14721 146013
69655 661502
70936 483708
56482 334367
1690 915834
50394 663613
25776 120942
59716 183370
76666 700099
68125 420518
31311 362653
30371 469986
49382 612358
45545 853340
12563 407008
90053 537811
3590 663603
21518 595742
38232 970975
74344 299466
67967 108404
86670 487942
24278 999090
11364 704615
67200 868085
17163 553399
42834 634780
79570 534195
84406 491885
46424 813315
29046 334346
14005 315648
91062 437277
2038 507393
8399 168018
64092 792663
90874 271981
59861 996670
81780 729646
10972 237386
45591 961178
42368 342355
65421 467326
65271 177128
47052 919869
36549 53158
43049 104125
98487 464941
75829 244762
58282 839489
61537 446635
50346 113590
68014 892172
62439 191034
76309 995828
93650 306375
91299 232374
