-1167398076 -1871960715
-3273822832 -454200600
3315454527 -2447282046
-1160591395 -3098136901
3081950465 3333148798
-1075556984 1057835881
-1354908636 214770244
1400910489 -242887370
2144516640 291408955
2480171870 -2489888148
-3604175102 -591845207
-1839438943 2669849503
-1234533668 -1400564655
3559141365 -2721529180
1271204788 1491940091
3063156972 -1055122232
-299912627 630238546
-4014765234 3642744492
-3623512392 2101724484
709026680 -2495846249
-4004548470 1758836850
2483250375 -3746758852
-3880595007 2700877392
-3361912540 -3622315567
1498054037 2002759081
-817909734 2350083390
-4227454865 3903555568
2722812818 216797697
-382632931 -2199132993
2314149024 2431282372
-4060181422 -648958844
2285447789 377037156
-164952871 -4116172914
4054623096 934646543
2757078852 3004152421
-1152983304 2266676969
-2476299293 -423636112
920464924 -3576296753
4173577673 -3011844653
-1372054503 2229933829
3139431032 -1584777268
-1439509703 -920871430
-4272392222 -3605664855
4000858223 -273220807
2996988033 1264722977
-3094460969 1350979292
166156145 -3067425195
-3660753528 -1463623407
4169573983 -1388068874
-2828119980 276548493
823377179 3524636593
819236330 -2576435492
-3307632519 -375039628
-2395157868 3351138239
3941649028 2749036095
1602271157 636043422
-1999288117 2089379732
1316282764 -4196453444
4069210035 -241479213
2259880945 2288895215
2151836287 -2837480249
2298125590 3181972195
-303490403 2354410101
-750451937 2204967153
1429851503 986793637
1742818615 2344028377
69845670 -1830166620
4209758942 3421184902
822527057 4014674360
-4245444054 -424373578
1724490641 -50991023
4235432464 2863970800
1027334841 -1909101150
1775718700 3617605996
-2164411363 -2931500151
-11389142 -3135987179
-2857583275 3396715135
2556034492 427020048
-1766927599 -1556317421
-2788334589 3829539500
-3801572970 585728104
2943864306 1821457046
-781422450 -1032489697
1634663738 -1351160785
-2869714266 4171060304
-1934034573 3019429079
-3918515476 -3307117093
-1614150148 -2769559625
-3752557307 2112983578
-2934591486 2255661544
-2739687852 -3427354772
3984839362 -2254555945
2477852278 -2505500173
-3342213699 -675208648
3343859949 -3552642099
-3811877602 2795901083
578188179 2237444048
-1331673625 1345582037
-3433986676 -700178196
3496257128 2005225349
-1127858733 2521680615
-2416953858 3920968882
3307769713 2895364522
356341605 -2777332384
715422713 -1846273551
-3739930309 -169154642
-3336995564 1060095906
-1274669346 3056992484
-207076482 1868769210
723778504 699374899
1001737077 -2743901461
-3236288311 -2654819681
-2517703652 579721411
4039250213 272344925
280586772 2873642639
776971121 1863714826
1602171719 1620065217
925959045 -4024947586
4259695925 1151587849
46883821 587402295
-707884500 1126919114
1388606688 -1951379142
-4219671865 3020172180
-462509759 -1427814525
-713430991 3014535567
-180836528 1121026712
1425837133 -1204478697
292899515 -3495471036
-2663161784 -2357349876
-3059174103 -1083604293
2529050900 2154226418
2269780457 3852064029
-1574248804 2807691086
3535844914 3608303973
2064635911 -1926158407
2339004838 -301348271
-3209138297 1273174705
98661625 3130842045
-2417913109 380365694
-768653434 -2518188360
1374362637 -1954091885
-3583042529 120806830
237090582 330287089
4056394543 -4292181090
-1567792715 1599080979
-3010171239 -3540401774
-3109483733 3135180914
2173524433 3163166329
2296619271 417261370
-3316738716 1795901370
-1466643994 3128219783
-1118766462 96683737
3406044110 3169155611
2401071069 1298071836
-692239272 2460258850
-1975086397 939726269
-2137407722 -244471244
1171347497 2547934556
-3967199979 -339457902
3789113341 4158938683
-3896784181 -1504445289
352550240 862123511
936518707 257099555
3085799143 1950650524
1807998006 -4219679542
-3636493871 1230936634
-1657021446 -2038330943
-2574593573 -3235100838
568559665 -1166955490
1444039495 -668439474
-2181856554 -2173258419
3612785767 1213732265
-2625131659 1838210503
-3494005294 3280142189
-1354128338 3234944803
-403613359 3336738171
1073217539 -937916275
-2656302374 -1960946990
3300196310 -1676938306
2314397238 -3546933044
1353351817 -2707051732
-2833943546 -1523960097
-3108612469 -708750930
1418259236 2708921082
3921503150 785024720
-1987855630 3385840046
4005974644 -3711245146
-1086013304 -1950404133
-3914528969 900825128
-1035863213 -3164673253
712480263 -3721983079
2768435403 -3463494570
-2074602535 -2779143902
-1357818895 -2066286357
629300133 -3386666532
-2647792834 -3936770385
-2966646680 1390224683
1852877748 2772854964
2551388943 -2591454870
-3792943156 -3466741057
